<<<<<<< HEAD
0,0,1,2,3,3,5,5,5,6,6,6,6,6,6,6,6,6,6,6,6,7,7,7,7,7,7,7,7,7,7,8,8,8,9,9,9,10,10,11,12,13,13,13,13,14,15,15,15,15,16,17,17,18,18,18,18,18,18,19,19,19,20,20,20,20,21,21,21,22,22,22,22,22,22,22,22,23,23,24,25,26,26,26,27,27,28,28,30,31,31,32,34,34,34,34,34,34,35,35,35,35,35,35,35,35,4,4,35,35,35,35,36,36,36,37,37,38,39,39,39,39,39,40,40,40,41,41,41,41,41,42,42,42,43,43,45,46,47,48,49,49,49,50,50,50,51,51,52,52,54,54,55,55,56,57,57,58,59,59,60,61,61,62,63,63,64,65,65,65,66,67,68,69,70,70,71,72,73,73,74,75,75,76,77,77,78,80,80,81,82,83,83,84,84,85,86,86,87,88,88,89,89,89,90,90,91,91,92,92,93,94,94,94,94,95,96,97,97,97,97,97,97,98,98,99,99,100,101,102,103,104,104,104,105,105,105,106,106,106,107,108,109,110,110,110,110,111,111,111,111,113,113,113,113,113,114,115,115,115,116,117,118,120,121,121,122,122,123,124,124,124,124,125,126,126,126,128,128,128,128,130,131,131,132,133,133,133,133,135,135,136,137,138,139,140,141,142,142,142,144,145,147,148,148,148,148,149,150,151,152,152,152,153,154,155,155,155,155
=======
0,0,1,2,3,3,5,5,5,6,6,6,6,6,6,6,6,6,6,6,6,7,7,7,7,7,7,7,7,7,7,8,8,8,9,9,9,10,10,11,12,13,13,13,13,14,15,15,15,15,16,17,17,18,18,18,18,18,18,19,19,19,20,20,20,20,21,21,21,22,22,22,22,22,22,22,22,23,23,24,25,26,26,26,27,27,28,28,30,31,31,32,34,34,34,34,34,34,35,35,35,35,35,35,35,35,4,4,35,35,35,35,36,36,36,37,37,38,39,39,39,39,39,40,40,40,41,41,41,41,41,42,42,42,43,43,45,46,47,48,49,49,49,50,50,50,51,51,52,52,54,54,55,55,56,57,57,58,59,59,60,61,61,62,63,63,64,65,65,65,66,67,68,69,70,70,71,72,73,73,74,75,75,76,77,77,78,80,80,81,82,83,83,84,84,85,86,86,87,88,88,89,89,89,90,90,91,91,92,92,93,94,94,94,94,95,96,97,97,97,97,97,97,98,98,99,99,100,101,102,103,104,104,104,105,105,105,106,106,106,107,108,109,110,110,110,110,111,111,111,111,113,113,113,113,113,114,115,115,115,116,117,118,120,121,121,122,122,123,124,124,124,124,125,126,126,126,128,128,128,128,130,131,131,132,133,133,133,133,135,135,136,137,138,139,140,141,142,142,142,144,145,147,148,148,148,148,149,150,151,152,152,152,153,154,155,155,155,155,155,155,155,156,156,156,156,156,156,156,156,157,157,157,158,159,160,160
>>>>>>> about_exceptions
<<<<<<< HEAD
,160,160,153,161,161,165,167,168,168,169,169,170,170,171,172,173,174,175,176,176,177,177,177,177,178,178,179,179,180,180,180,181,182,183,182,182,183,184,184,185,186,189,190,184,190,192,192,192,192,193,193,194,194,194,194,194,194,194,195,196,197,200,201,201,202,203,203,204,206,207,207,207,207,208,208,209,210,211,212,212,212,212,212,212,212,216,216,217,219,219,219,221,222,223,223,224,226,228,228,228,229
=======
,160,160,153,161,161,165,167,168,168,169,169,170,170,171,172,173,174,175,176,176,177,177,177,177,178,178,179,179,180,180,180,181,182,183,182,182,183,184,184,185,186,189,190,184,190,192,192,192,192,193,193,194,194,194,194,194,194,194,195,196,197,200,201,201,202,203,203,204,206,207,207,207,207,208,208,209,210,211,212,212,212,212,212,212,212,216,216,217,219,219,219,221,222,223,223,224,226,228,228,229,229,230,231,232,234,234,235,236
>>>>>>> about_scope
